Ppn Forecast Verification for HRES. Base Date for FC from 20160101 to 20160101. 12h FC period.

'Date' and 'Time' relate to the end of the 12h FC period

DATE	TimeUTC	OBS	LatOBS	LonOBS	FER	CPR	TP	WSPD700	CAPE	SR24h	TimeLST

20160101	15	4	78.06	14.22	0.08548	0.007764	3.685	14.89	0.1875	0	NaN
20160101	15	2	63.67	69.6	-0.1203	0	2.274	23.89	0.4062	1.197	NaN
20160101	15	4	62.75	71.67	0.8094	0	2.211	22.08	0.625	1.991	NaN
20160101	15	0.2	62.45	66.05	-0.8437	0	1.28	20.72	0.4375	2.276	NaN
20160101	15	2	62.23	74.48	0.1561	0	1.73	10.6	0.4688	2.773	NaN
20160101	15	1	61.96	64.9	-0.09606	0	1.106	19.31	0.375	2.975	NaN
20160101	15	2	61.3	71.3	-0.1356	0	2.314	11.89	0.5312	3.804	NaN
20160101	15	2	61.03	69.12	-0.3278	0	2.975	14.18	0.7188	4.148	NaN
20160101	15	0.9	60.5	74.02	-0.2214	0	1.156	4.049	0.5312	5.215	NaN
20160101	15	2	60.33	68.97	0.1131	0	1.797	11.58	0.8125	5.333	NaN
20160101	15	1	60.32	64.22	-0.2413	0	1.318	13.81	0.4062	5.404	NaN
20160101	15	1	60.07	71.48	-0.2953	0	1.419	6.118	0.5625	5.902	NaN
20160101	15	0.4	59.63	65.72	-0.6655	0	1.196	12.39	0.5625	6.684	NaN